[1, 9999]
[2, 323, 9999]
[3, 82, 9999, 323]
[4, 7, 82, 323, 9999]
[5, 7, 82, 323, 9999, 218]
[6, 7, 82, 9, 9999, 218, 323]
[7, 7, 82, 9, 9999, 218, 323, 19]
[8, 7, 28, 9, 82, 218, 323, 19, 9999]
[9, 7, 28, 9, 82, 218, 323, 19, 9999, 91]
[10, 7, 17, 9, 82, 28, 323, 19, 9999, 91, 218]
[11, 7, 17, 9, 82, 28, 323, 19, 9999, 91, 218, 133]
[12, 7, 17, 9, 82, 28, 41, 19, 9999, 91, 218, 133, 323]
[13, 7, 17, 9, 82, 28, 41, 19, 9999, 91, 218, 133, 323, 241]
[14, 7, 17, 9, 82, 28, 41, 19, 9999, 91, 218, 133, 323, 241, 53]
[15, 7, 17, 9, 82, 28, 41, 19, 9999, 91, 218, 133, 323, 241, 53, 58]
[16, 4, 7, 9, 17, 28, 41, 19, 82, 91, 218, 133, 323, 241, 53, 58, 9999]
[17, 4, 7, 9, 17, 28, 41, 19, 81, 91, 218, 133, 323, 241, 53, 58, 9999, 82]
[18, 4, 7, 9, 16, 28, 41, 19, 81, 17, 218, 133, 323, 241, 53, 58, 9999, 82, 91]
[19, 4, 7, 9, 16, 28, 41, 19, 81, 17, 218, 133, 323, 241, 53, 58, 9999, 82, 91, 36]
[20, 4, 7, 9, 16, 28, 41, 19, 81, 17, 93, 133, 323, 241, 53, 58, 9999, 82, 91, 36, 218]
[21, 4, 7, 9, 16, 18, 41, 19, 81, 17, 28, 133, 323, 241, 53, 58, 9999, 82, 91, 36, 218, 93]
[22, 4, 7, 9, 16, 18, 41, 19, 81, 17, 28, 133, 323, 241, 53, 58, 9999, 82, 91, 36, 218, 93, 320]
[23, 4, 7, 9, 16, 18, 41, 19, 81, 17, 28, 61, 323, 241, 53, 58, 9999, 82, 91, 36, 218, 93, 320, 133]
[24, 4, 7, 9, 16, 18, 27, 19, 81, 17, 28, 61, 41, 241, 53, 58, 9999, 82, 91, 36, 218, 93, 320, 133, 323]
[25, 4, 7, 9, 16, 18, 27, 19, 81, 17, 28, 61, 33, 241, 53, 58, 9999, 82, 91, 36, 218, 93, 320, 133, 323, 41]
[26, 4, 7, 9, 16, 18, 27, 19, 81, 17, 28, 61, 33, 44, 53, 58, 9999, 82, 91, 36, 218, 93, 320, 133, 323, 41, 241]
[27, 4, 7, 9, 16, 18, 15, 19, 81, 17, 28, 61, 33, 27, 53, 58, 9999, 82, 91, 36, 218, 93, 320, 133, 323, 41, 241, 44]
[28, 4, 7, 9, 16, 18, 15, 19, 81, 17, 28, 61, 33, 27, 53, 58, 9999, 82, 91, 36, 218, 93, 320, 133, 323, 41, 241, 44, 78]
[29, 4, 7, 9, 16, 18, 15, 19, 81, 17, 28, 61, 33, 27, 53, 58, 9999, 82, 91, 36, 218, 93, 320, 133, 323, 41, 241, 44, 78, 166]
[30, 4, 7, 9, 16, 18, 15, 19, 81, 17, 28, 61, 33, 27, 53, 58, 9999, 82, 91, 36, 218, 93, 320, 133, 323, 41, 241, 44, 78, 166, 717]
[31, 4, 7, 9, 16, 18, 15, 19, 81, 17, 28, 61, 33, 27, 53, 58, 9999, 82, 91, 36, 218, 93, 320, 133, 323, 41, 241, 44, 78, 166, 717, 888]
[32, 4, 7, 9, 16, 18, 15, 19, 77, 17, 28, 61, 33, 27, 53, 58, 81, 82, 91, 36, 218, 93, 320, 133, 323, 41, 241, 44, 78, 166, 717, 888, 9999]
[33, 4, 7, 9, 16, 18, 15, 19, 20, 17, 28, 61, 33, 27, 53, 58, 77, 82, 91, 36, 218, 93, 320, 133, 323, 41, 241, 44, 78, 166, 717, 888, 9999, 81]
[34, 4, 7, 9, 16, 18, 15, 19, 20, 17, 28, 61, 33, 27, 53, 58, 77, 25, 91, 36, 218, 93, 320, 133, 323, 41, 241, 44, 78, 166, 717, 888, 9999, 81, 82]
[35, 4, 7, 9, 16, 18, 15, 19, 20, 17, 28, 61, 33, 27, 53, 58, 77, 25, 91, 36, 218, 93, 320, 133, 323, 41, 241, 44, 78, 166, 717, 888, 9999, 81, 82, 64]
[36, 4, 7, 9, 16, 18, 15, 19, 20, 17, 28, 61, 33, 27, 53, 58, 77, 25, 43, 36, 218, 93, 320, 133, 323, 41, 241, 44, 78, 166, 717, 888, 9999, 81, 82, 64, 91]
[37, 4, 7, 9, 16, 18, 15, 19, 20, 17, 28, 61, 33, 27, 53, 58, 77, 25, 23, 36, 218, 93, 320, 133, 323, 41, 241, 44, 78, 166, 717, 888, 9999, 81, 82, 64, 91, 43]
[36, 7, 16, 9, 17, 18, 15, 19, 20, 23, 28, 61, 33, 27, 53, 58, 77, 25, 43, 36, 218, 93, 320, 133, 323, 41, 241, 44, 78, 166, 717, 888, 9999, 81, 82, 64, 91]
[35, 9, 16, 15, 17, 18, 27, 19, 20, 23, 28, 61, 33, 44, 53, 58, 77, 25, 43, 36, 218, 93, 320, 133, 323, 41, 241, 91, 78, 166, 717, 888, 9999, 81, 82, 64]
[34, 15, 16, 19, 17, 18, 27, 53, 20, 23, 28, 61, 33, 44, 64, 58, 77, 25, 43, 36, 218, 93, 320, 133, 323, 41, 241, 91, 78, 166, 717, 888, 9999, 81, 82]
[33, 16, 17, 19, 20, 18, 27, 53, 25, 23, 28, 61, 33, 44, 64, 58, 77, 82, 43, 36, 218, 93, 320, 133, 323, 41, 241, 91, 78, 166, 717, 888, 9999, 81]
[32, 17, 18, 19, 20, 28, 27, 53, 25, 23, 81, 61, 33, 44, 64, 58, 77, 82, 43, 36, 218, 93, 320, 133, 323, 41, 241, 91, 78, 166, 717, 888, 9999]
[31, 18, 20, 19, 23, 28, 27, 53, 25, 36, 81, 61, 33, 44, 64, 58, 77, 82, 43, 9999, 218, 93, 320, 133, 323, 41, 241, 91, 78, 166, 717, 888]
[30, 19, 20, 27, 23, 28, 33, 53, 25, 36, 81, 61, 41, 44, 64, 58, 77, 82, 43, 9999, 218, 93, 320, 133, 323, 888, 241, 91, 78, 166, 717]
[29, 20, 23, 27, 25, 28, 33, 53, 77, 36, 81, 61, 41, 44, 64, 58, 717, 82, 43, 9999, 218, 93, 320, 133, 323, 888, 241, 91, 78, 166]
[28, 23, 25, 27, 36, 28, 33, 53, 77, 43, 81, 61, 41, 44, 64, 58, 717, 82, 166, 9999, 218, 93, 320, 133, 323, 888, 241, 91, 78]
[27, 25, 28, 27, 36, 61, 33, 53, 77, 43, 81, 78, 41, 44, 64, 58, 717, 82, 166, 9999, 218, 93, 320, 133, 323, 888, 241, 91]
[26, 27, 28, 33, 36, 61, 41, 53, 77, 43, 81, 78, 91, 44, 64, 58, 717, 82, 166, 9999, 218, 93, 320, 133, 323, 888, 241]
[25, 28, 36, 33, 43, 61, 41, 53, 77, 166, 81, 78, 91, 44, 64, 58, 717, 82, 241, 9999, 218, 93, 320, 133, 323, 888]
[24, 33, 36, 41, 43, 61, 44, 53, 77, 166, 81, 78, 91, 888, 64, 58, 717, 82, 241, 9999, 218, 93, 320, 133, 323]
[23, 36, 43, 41, 77, 61, 44, 53, 82, 166, 81, 78, 91, 888, 64, 58, 717, 323, 241, 9999, 218, 93, 320, 133]
[22, 41, 43, 44, 77, 61, 91, 53, 82, 166, 81, 78, 133, 888, 64, 58, 717, 323, 241, 9999, 218, 93, 320]
[21, 43, 61, 44, 77, 78, 91, 53, 82, 166, 81, 320, 133, 888, 64, 58, 717, 323, 241, 9999, 218, 93]
[20, 44, 61, 53, 77, 78, 91, 58, 82, 166, 81, 320, 133, 888, 64, 93, 717, 323, 241, 9999, 218]
[19, 53, 61, 58, 77, 78, 91, 64, 82, 166, 81, 320, 133, 888, 218, 93, 717, 323, 241, 9999]
[18, 58, 61, 64, 77, 78, 91, 93, 82, 166, 81, 320, 133, 888, 218, 9999, 717, 323, 241]
[17, 61, 77, 64, 82, 78, 91, 93, 241, 166, 81, 320, 133, 888, 218, 9999, 717, 323]
[16, 64, 77, 91, 82, 78, 133, 93, 241, 166, 81, 320, 323, 888, 218, 9999, 717]
[15, 77, 78, 91, 82, 81, 133, 93, 241, 166, 717, 320, 323, 888, 218, 9999]
[14, 78, 81, 91, 82, 320, 133, 93, 241, 166, 717, 9999, 323, 888, 218]
[13, 81, 82, 91, 166, 320, 133, 93, 241, 218, 717, 9999, 323, 888]
[12, 82, 166, 91, 218, 320, 133, 93, 241, 888, 717, 9999, 323]
[11, 91, 166, 93, 218, 320, 133, 323, 241, 888, 717, 9999]
[10, 93, 166, 133, 218, 320, 9999, 323, 241, 888, 717]
[9, 133, 166, 323, 218, 320, 9999, 717, 241, 888]
[8, 166, 218, 323, 241, 320, 9999, 717, 888]
[7, 218, 241, 323, 888, 320, 9999, 717]
[6, 241, 320, 323, 888, 717, 9999]
[5, 320, 717, 323, 888, 9999]
[4, 323, 717, 9999, 888]
[3, 717, 888, 9999]
[2, 888, 9999]
[1, 9999]
[0]
